,Site_ID,Site_Name,year,avg_daily_min_pm25,avg_daily_max_pm25,avg_daily_mean_pm25,avg_daily_variance_pm25,p95_daily_max_pm25,median_daily_max_pm25,standard_deviation_of_daily_means,max_pm25,days_above_12,days_above_35,days_above_55,total_days,percent_days_moderate_or_worse,max_consecutive_days_above_35,max_consecutive_days_above_55,Census_Tract,Latitude,Longitude
0,20737,AZ South San Francisco,2023,-1.976599669247009,2.7656268167956846,-0.1448390789475109,2.6215409078521072,4.918126666666668,2.9661533333333336,1.2795804207444537,5.3564533333333335,0,0,0,21,0.0,0,0,6081602300,37.664036,-122.39622
1,21427,Grundy Park,2018,1.7111651313131317,7.014503292929294,3.948939501118563,3.6377393410559575,12.36000688888889,4.796248888888889,0.7538136636642216,13.389871111111113,1,0,0,5,20.0,0,0,6081604000,37.622585,-122.42097
2,21427,Grundy Park,2019,1.958589052433718,8.691356134303133,4.457965557634469,8.615089354854737,23.494195999999995,5.82312582375479,3.380299447617074,92.62035333333336,65,9,2,364,17.857142857142858,2,1,6081604000,37.622585,-122.42097
3,21427,Grundy Park,2020,3.2186625540673197,14.898222328296901,7.614592648953558,63.78672473852865,60.99166133333313,6.788753333333333,14.07934480041748,264.00117401286803,88,27,19,363,24.242424242424242,6,5,6081604000,37.622585,-122.42097
4,21427,Grundy Park,2021,2.2175055027961057,9.224096571037379,5.036704168101123,10.169394546147103,27.84835200000001,6.0781133333333335,4.256966996632912,98.07583333333334,69,7,2,365,18.904109589041095,2,1,6081604000,37.622585,-122.42097
5,21427,Grundy Park,2022,2.257644095463032,9.142078843286772,5.143695576086453,8.31430082793549,27.155441333333346,5.990086666666667,4.548479538629368,54.51192666666667,83,6,0,365,22.73972602739726,1,0,6081604000,37.622585,-122.42097
6,21427,Grundy Park,2023,1.6304645542434266,7.554077624311132,3.9856690168320053,7.674381618581143,20.775826666666674,5.182813333333334,4.081066348034834,84.64838,48,7,2,365,13.150684931506849,2,1,6081604000,37.622585,-122.42097
7,38589,Sign Hill,2019,2.7782916882183915,13.085264270833335,6.4394269891507285,15.422799990120238,30.355859333333335,11.857910000000002,4.9576742643861635,36.928540000000005,31,2,0,64,48.4375,1,0,6081602001,37.665333,-122.41648
8,38589,Sign Hill,2020,3.208925343257334,16.053787712128585,7.964345164158296,97.27808157452431,67.92956166666666,6.2861899999999995,16.958932600677,297.6144738447064,89,32,22,366,24.316939890710383,11,6,6081602001,37.665333,-122.41648
9,38589,Sign Hill,2021,2.216190153271701,8.568955108648806,5.000168003199971,8.791250062645204,26.07260266666669,5.712666666666667,4.808694643291743,52.75594,64,11,0,365,17.534246575342465,2,0,6081602001,37.665333,-122.41648
10,38589,Sign Hill,2022,2.207174650643355,8.95638469444182,5.188115718740615,9.537089941069235,25.971320000000002,5.711526666666668,4.959326884629267,70.21432666666666,82,4,1,365,22.465753424657535,2,1,6081602001,37.665333,-122.41648
11,38589,Sign Hill,2023,1.7901590257067765,7.827898709674517,4.248899620228631,8.709506045810658,21.414356000000012,4.931126666666667,4.899319970987297,103.48172666666666,56,8,3,365,15.342465753424657,4,2,6081602001,37.665333,-122.41648
12,60171,South San Francisco Westborough Park,2020,6.369373878273528,27.592585572706543,14.534214587409627,161.29788662997228,98.61778535632185,12.085793333333337,24.096155030204052,287.5665705320544,68,23,19,135,50.370370370370374,6,6,6081602601,37.64361,-122.45865
13,60171,South San Francisco Westborough Park,2021,1.8092745736434115,12.114266015503876,6.161700860503214,13.22221829614518,24.391864,9.754793333333334,5.4214168569677845,33.68756666666666,20,0,0,43,46.51162790697674,0,0,6081602601,37.64361,-122.45865
14,60171,South San Francisco Westborough Park,2022,0.17859113289245895,6.797745875106284,2.8109629177990545,8.861997204082614,25.764396,3.429460000000001,4.965784573616932,41.18102666666667,69,6,0,365,18.904109589041095,1,0,6081602601,37.64361,-122.45865
15,60171,South San Francisco Westborough Park,2023,-0.22732270436601554,5.425488479454555,1.9584242713575417,8.890707001679623,18.37460666666667,2.5344533333333343,4.81591512604171,105.71874666666666,47,6,3,365,12.876712328767123,4,2,6081602601,37.64361,-122.45865
16,65711,Commodore Dr,2020,5.4323560242200335,21.030035955210888,11.689670895302202,60.54896205214949,70.96226833333284,11.328130000000002,20.643085701871698,229.914168316953,54,13,6,112,48.214285714285715,4,4,6081604102,37.63386,-122.42311
17,65711,Commodore Dr,2021,2.4654240165382313,10.286002773614696,5.3657136449313985,10.3031635630742,28.95823466666668,7.191633333333334,4.571650309968881,53.35444,87,11,0,365,23.835616438356166,1,0,6081604102,37.63386,-122.42311
18,65711,Commodore Dr,2022,2.3826279716636303,9.864057542434262,5.327619937550659,9.629430335867017,32.06520400000002,6.091,5.12147897858833,47.65504666666667,93,10,0,365,25.47945205479452,2,0,6081604102,37.63386,-122.42311
19,65711,Commodore Dr,2023,1.745964895716526,10.42285417526402,4.550202773990261,19.588162902165866,28.41690800000001,6.219700000000002,5.171840865842457,203.82552983343535,89,13,6,365,24.383561643835616,4,2,6081604102,37.63386,-122.42311
20,67263,Danger Stairs,2020,4.152642626938958,18.172393457976018,9.663135032293615,29.84398708459137,42.424577333333325,13.446826666666666,7.850863253682085,87.14206666666668,62,10,2,103,60.19417475728155,3,2,6081601700,37.662823,-122.45957
21,67263,Danger Stairs,2021,2.9190756858943803,10.661794543174054,6.043173082610632,10.815096724465942,29.189680000000003,7.854260000000001,4.701065127627922,66.75414166666667,91,10,1,365,24.931506849315067,2,1,6081601700,37.662823,-122.45957
22,67263,Danger Stairs,2022,2.8434003221697566,10.068612207086499,6.015630831150711,9.554879888401096,30.23266251851853,6.9765466666666685,5.170318791419735,45.56106666666667,96,8,0,365,26.301369863013697,2,0,6081601700,37.662823,-122.45957
23,67263,Danger Stairs,2023,2.65544434006629,10.084479786535177,5.62061957237906,12.22718140436593,24.336389333333337,6.831086666666668,5.541697822182872,108.99691333333332,72,9,5,325,22.153846153846153,4,2,6081601700,37.662823,-122.45957
24,67419,Acacia And Crystal Springs,2021,3.9027572124308216,11.40767066155811,6.6747802230893,10.091466259108381,31.99625,8.164806666666667,4.820316095843588,54.639946666666674,40,5,0,135,29.62962962962963,1,0,6081603900,37.61825,-122.41345
25,67419,Acacia And Crystal Springs,2022,3.726950301149926,9.590245633398565,5.644735568522361,6.45743054223047,22.668366666666678,6.691693333333333,3.1176252677025884,60.343226666666666,87,5,2,365,23.835616438356166,3,1,6081603900,37.61825,-122.41345
26,67419,Acacia And Crystal Springs,2023,3.385765347263574,7.793730437253901,5.053110273710584,5.232390925264513,17.50951999999999,5.553046666666667,4.264252883734228,78.79975333333334,42,6,2,364,11.538461538461538,4,2,6081603900,37.61825,-122.41345
27,68487,Belle Air,2020,3.6446650000000007,17.806756697684037,9.294650875846695,33.11262433247752,40.59507966666664,13.214043333333333,8.133205901393428,113.37133333333335,59,8,2,104,56.73076923076923,2,2,6081604200,37.62725,-122.40895
28,68487,Belle Air,2021,2.6464517281105997,10.519827623609569,5.803331239705932,10.871170113649413,28.698257999999996,7.621786666666667,4.600318337275631,105.14680666666668,92,9,1,364,25.274725274725274,2,1,6081604200,37.62725,-122.40895
29,68487,Belle Air,2022,2.6061409436984055,10.95457539786104,5.973064215443414,11.363768233590305,30.407596000000005,7.5331800000000015,5.31504720183886,102.26396666666666,101,10,2,365,27.671232876712327,2,1,6081604200,37.62725,-122.40895
30,68487,Belle Air,2023,0.5817289326947019,7.5243740724768715,3.382743429702517,10.911136201971033,21.582900551724116,4.891500000000001,5.049682323934764,105.53288275862072,35,7,4,267,13.108614232209737,4,1,6081604200,37.62725,-122.40895
31,69403,"Sunshine Gardens, SSF",2020,3.8462670138888893,17.98364935515873,9.43004299234121,36.3566758963894,40.96591166666667,12.522405238095239,8.909743228966336,140.8514266666667,50,11,2,96,52.083333333333336,2,2,6081601901,37.6696,-122.43797
32,69403,"Sunshine Gardens, SSF",2021,2.7904944961902114,9.885765758996161,5.829961353042439,9.832514526528048,27.71764133333334,7.092673333333334,4.6970337183656845,53.02856923076923,73,10,0,365,20.0,2,0,6081601901,37.6696,-122.43797
33,69403,"Sunshine Gardens, SSF",2022,2.9948822157140613,10.600928180758936,6.2642005183061125,10.514171077626324,31.226785333333336,7.055746666666668,5.421420645779028,54.69619333333334,97,12,0,365,26.575342465753426,3,0,6081601901,37.6696,-122.43797
34,69403,"Sunshine Gardens, SSF",2023,2.4841425924845804,9.04955874928102,5.272571109245447,10.006870610778003,23.071796000000017,6.079406666666667,5.4336781455306715,114.01727333333336,67,8,3,365,18.356164383561644,5,2,6081601901,37.6696,-122.43797
35,70569,Rollingwood / Palmhaus,2020,3.4589401943425457,17.961862138930535,9.211649750429325,58.81823331267593,38.214073999999975,10.828783333333334,10.775010019351765,163.6699866666667,41,9,4,94,43.61702127659574,4,4,6081603700,37.62681,-122.44654
36,70569,Rollingwood / Palmhaus,2021,1.731454305911932,9.37774113519531,4.792197950580361,13.163337167680368,31.483773999999993,5.607963333333334,5.632486418536143,99.66194,73,15,3,364,20.054945054945055,3,2,6081603700,37.62681,-122.44654
37,70569,Rollingwood / Palmhaus,2022,2.4270330475156405,6.590597302178763,4.171858130243499,7.262941354561475,23.68128400000001,3.26068,3.6375133119141356,47.57326,42,7,0,335,12.537313432835822,2,0,6081603700,37.62681,-122.44654
38,70569,Rollingwood / Palmhaus,2023,2.518831800798481,6.524734914979019,4.191460732713418,8.80323142488621,20.442230000000002,2.6214373333333345,5.218283871327036,109.40804,42,8,3,306,13.72549019607843,5,2,6081603700,37.62681,-122.44654
39,70679,Home,2021,2.53148044286271,11.212894128190143,6.102242418686869,12.41917095330613,34.23796166666668,8.19065666666667,5.216129931415604,43.91344,62,12,0,236,26.271186440677965,2,0,6081602602,37.64743,-122.468575
40,70679,Home,2022,2.6794685137098773,11.18315298283637,6.044348550730954,10.434000526145121,31.683093333333336,8.028013333333334,5.133726187556676,56.79958666666667,106,14,2,365,29.041095890410958,2,1,6081602602,37.64743,-122.468575
41,70679,Home,2023,1.461262086615048,9.365878296331287,4.612892393367826,10.993072752291377,21.267228000000014,6.938246666666666,4.921830861447452,111.52885333333332,71,7,3,365,19.45205479452055,4,2,6081602602,37.64743,-122.468575
42,76803,"Crystal Springs Terrace, Building 27",2020,2.748354285714286,33.99402080650572,8.157573256344254,84.98169863724323,84.38601786206894,27.73356666666667,4.844720317214026,164.68303448275864,75,28,11,84,89.28571428571429,5,2,6081603900,37.605736,-122.42611
43,76803,"Crystal Springs Terrace, Building 27",2021,2.435057843279274,22.216751158677674,6.121035286158473,31.22170859598879,48.36851466666667,20.215553333333336,4.892033877056863,101.27207857142858,259,60,8,365,70.95890410958904,3,1,6081603900,37.605736,-122.42611
44,76803,"Crystal Springs Terrace, Building 27",2022,2.5561624925208632,17.40706602990405,5.971331652158595,20.13563672856396,41.97541200000001,13.473633333333336,4.276383168041972,78.85931333333333,191,41,3,365,52.32876712328767,4,1,6081603900,37.605736,-122.42611
45,76803,"Crystal Springs Terrace, Building 27",2023,1.33433087654321,12.271601124034545,3.6432797536143653,10.292217398053591,33.07983233333333,8.580276666666666,1.6659143679248798,42.585373333333344,39,4,0,108,36.111111111111114,1,0,6081603900,37.605736,-122.42611
46,78387,South City Lights,2021,3.4282147758181982,12.623878015267175,7.363255795215533,14.921804554144032,34.57080333333333,8.926353333333333,6.067917389307322,48.02837333333334,44,6,0,131,33.587786259541986,2,0,6081602601,37.64556,-122.45438
47,78387,South City Lights,2022,3.232075368125924,9.783078293100239,6.063669608396306,8.706619832365623,30.174365333333355,6.314746666666667,5.221513200900345,44.79406666666667,99,10,0,365,27.123287671232877,2,0,6081602601,37.64556,-122.45438
48,78387,South City Lights,2023,2.730564238882516,8.524332282160291,5.149494957051105,8.600609941186184,22.530037333333333,5.622753333333334,5.027806313796374,105.61209333333332,66,7,3,365,18.08219178082192,4,2,6081602601,37.64556,-122.45438
49,81205,Skyline College,2021,2.2198900180521384,8.732816031725791,4.8715952847056325,9.586192652048634,26.402020000000004,5.547158666666667,3.94716011706551,68.48217333333335,41,3,1,241,17.012448132780083,2,1,6081614000,37.63005,-122.46852
50,81205,Skyline College,2022,0.1470006173524112,7.542559214570062,3.1186209176418376,7.885351511775647,22.64819466666668,5.604386666666668,4.511598681302703,40.046940000000006,59,5,0,365,16.164383561643834,1,0,6081614000,37.63005,-122.46852
51,81205,Skyline College,2023,-1.8887587362455076,5.647959122807018,0.2506247804862549,4.725406994425965,6.072099333333334,5.547158666666667,2.0437452437153554,8.201386666666668,0,0,0,38,0.0,0,0,6081614000,37.63005,-122.46852
52,86761,B9 North AHU-5012,2023,2.730354222341235,10.368438683159622,5.818236932378592,21.098481736065747,25.842621666666645,7.168451739130435,4.85552644738971,100.77543333333332,30,4,2,118,25.423728813559322,4,1,6081602300,37.65753,-122.38206
53,90215,Rollingwood Elementary,2022,2.654375299185208,9.656267166125808,5.635161540930449,8.229821263147722,29.328246666666665,6.028026666666667,5.750924348056948,46.35792666666667,56,6,0,211,26.540284360189574,2,0,6081603700,37.62775,-122.44534
54,90215,Rollingwood Elementary,2023,2.0647823537358962,8.713843920244392,4.824651564698768,10.41396440061518,23.02109066666666,5.670213793103448,5.39811319672915,115.5473,67,8,4,363,18.457300275482094,4,2,6081603700,37.62775,-122.44534
55,91617,Parkside Intermediate School,2022,2.5955013782051286,10.761610279619806,5.675372244328083,10.896873993808303,28.487821333333315,7.910596666666667,5.420525554420158,91.78248666666668,66,6,1,208,31.73076923076923,2,1,6081604000,37.621143,-122.42189
56,91617,Parkside Intermediate School,2023,1.9380215768115947,9.075031975612195,4.612868629984772,10.028055521091659,23.09885066666667,5.832273333333333,4.8262268669124575,94.85747333333332,74,9,5,345,21.44927536231884,4,2,6081604000,37.621143,-122.42189
57,94137,San Bruno,2023,2.924963315372708,9.56571591642188,5.749128755834818,9.644390934364493,23.099700000000002,6.6477400000000015,5.149297056558389,100.58234666666668,73,7,3,325,22.46153846153846,4,2,6081604102,37.638256,-122.4167
58,104538,ECCLES_1,2021,4.112443837990292,13.680329245805604,8.174781251038596,17.875563646344048,38.540788666666685,9.10458,6.8796143449740494,69.84584666666666,59,14,1,163,36.19631901840491,3,1,6081602300,37.66073,-122.38682
59,104538,ECCLES_1,2022,4.495119040952049,10.360791868834333,7.1373045492525655,8.613179984821366,30.448281333333334,6.152154666666667,5.289967242570863,57.00714,81,10,1,365,22.19178082191781,3,1,6081602300,37.66073,-122.38682
60,104538,ECCLES_1,2023,2.032116698937665,6.933237813164402,4.007691134226028,4.443767040108576,17.67468011494253,5.432573333333334,2.660151729416611,30.513673333333333,14,0,0,111,12.612612612612613,0,0,6081602300,37.66073,-122.38682
61,107708,Rivian San Francisco Facility,2021,3.4524854794745488,14.03223361904762,7.9494052003344855,19.924249267556384,37.534305999999994,10.324906666666667,6.840365987143037,56.89902000000001,56,10,1,140,40.0,2,1,6081602300,37.645958,-122.398705
62,107708,Rivian San Francisco Facility,2022,3.099174901154497,10.619224547163903,6.2628083146397096,10.660132642012169,32.49961304597701,6.963586666666667,5.812391162261888,75.93202666666666,95,15,2,362,26.243093922651934,4,1,6081602300,37.645958,-122.398705
63,107708,Rivian San Francisco Facility,2023,1.190534457215837,6.626528590627764,3.3785677159982823,4.509915040861011,16.1771813333333,5.042773333333333,2.522779385902476,29.47982,14,0,0,117,11.965811965811966,0,0,6081602300,37.645958,-122.398705
64,109506,"Sign Hill, Stonegate",2021,3.7925777965414618,12.686485825677341,7.628256980357155,14.881591120652054,34.987962333333336,8.7314,7.267394073781226,50.26307142857143,45,7,0,128,35.15625,2,0,6081602001,37.664787,-122.42493
65,109506,"Sign Hill, Stonegate",2022,3.1776527093596063,9.833791392865916,6.087145127409676,8.438591396314763,28.948710666666667,6.541533333333334,5.149777096764399,47.85216,95,7,0,365,26.027397260273972,3,0,6081602001,37.664787,-122.42493
66,109506,"Sign Hill, Stonegate",2023,2.894697503866249,9.313707625589227,5.608432786240468,10.579106902524511,24.195342000000007,6.010486666666668,5.915719451013081,110.20207333333336,50,9,4,275,18.181818181818183,5,2,6081602001,37.664787,-122.42493
67,109718,terra,2021,3.2014026216540263,12.773629682539683,7.395908634372733,16.103694065915885,35.45630333333334,8.14284,6.704704140306917,49.63706666666668,44,7,0,126,34.92063492063492,2,0,6081602002,37.669968,-122.42153
68,109718,terra,2022,2.757478278925559,9.862249012753898,5.949264942224038,9.59783383601807,27.982585333333336,6.60342,5.115433268117951,52.23333333333334,96,6,0,365,26.301369863013697,1,0,6081602002,37.669968,-122.42153
69,109718,terra,2023,2.2768640294929705,8.581856901262029,4.965520336847586,8.93259345205108,20.683966666666663,5.94104,5.076340379763598,108.72062666666667,56,5,3,361,15.512465373961218,4,2,6081602002,37.669968,-122.42153
70,111235,Belle Air,2022,3.2765184590985617,11.617694876439225,6.423733464947388,13.146598867068533,31.658444,7.63956,5.531919782811277,136.36136666666667,62,8,2,217,28.571428571428573,2,1,6081604200,37.631878,-122.409966
71,111235,Belle Air,2023,1.7211613829954533,8.744053429231126,4.3212295483483745,7.129232658324971,23.544218666666666,6.72298,2.791181338330262,31.925021428571423,15,0,0,80,18.75,0,0,6081604200,37.631878,-122.409966
72,111498,Crestmoor III,2021,3.15077584382412,15.280365563635417,7.958839885417516,27.884519289427345,42.09521666666667,9.49182,7.983809926639646,85.28586666666668,51,14,3,126,40.476190476190474,3,1,6081603802,37.616806,-122.431
73,111498,Crestmoor III,2022,2.6029611120858362,11.662819103208344,5.901527587958776,13.955079384652354,35.498062022988506,7.209846666666666,5.2421227298763045,94.69032666666666,114,20,4,365,31.232876712328768,3,1,6081603802,37.616806,-122.431
74,111498,Crestmoor III,2023,2.1797593287210772,9.722313338511636,5.123894600647752,12.18426015998272,26.30535172413793,6.3211466666666665,5.486771146975047,110.99706428571427,79,10,5,361,21.883656509695292,5,2,6081603802,37.616806,-122.431
75,113144,Shelter Crik,2023,1.5331536294252879,11.5965615656705,4.766520506540368,20.94387305898013,44.55356367816091,7.390766666666667,6.846315768435772,102.54112,38,10,3,125,30.4,4,2,6081603801,37.62002,-122.42762
76,119179,"r""",2021,1.6194801678716204,17.33735876745913,5.612870162571648,51.20669384273421,37.64126057142858,7.994386666666667,7.260019798258574,119.74086666666668,52,35,1,115,45.21739130434783,6,1,6081614000,37.632942,-122.456474
77,119179,"r""",2022,1.276821012299103,13.814032794547543,4.257549181740622,21.81733028689059,37.64126057142858,4.8962,4.377058404180399,44.23986000000001,130,85,0,365,35.61643835616438,9,0,6081614000,37.632942,-122.456474
78,119179,"r""",2023,1.054667483270458,8.807651288408325,3.4042117382660764,14.062758228805276,37.64126057142858,3.59728,4.94059217854701,108.89573793103447,65,38,3,359,18.105849582172702,4,2,6081614000,37.632942,-122.456474
79,120937,Elm Court,2021,1.0300616706227916,7.295132227271378,3.5783573960138484,7.067310614590991,21.17917500000001,4.387456666666667,4.285590519802701,33.18251333333333,15,0,0,86,17.441860465116278,0,0,6081602001,37.65903,-122.41747
80,120937,Elm Court,2022,1.6532064519651926,10.297120637239745,5.326896062664002,13.988101058818733,28.82663333333333,6.495506666666667,5.760176907921189,50.271793333333335,66,3,0,193,34.196891191709845,2,0,6081602001,37.65903,-122.41747
81,120937,Elm Court,2023,0.97733475281678,6.682238151273126,3.23980865353196,8.459825099315424,20.986755,3.15987275862069,5.1305524254661625,101.04955333333332,49,8,3,326,15.030674846625766,4,2,6081602001,37.65903,-122.41747
82,131431,San Bruno Fire Station 52,2022,0.3732549015235897,6.201409482820027,2.7779537339176845,6.31430823078851,21.337123333333334,3.312946666666667,4.12947148040532,36.3029,57,1,0,346,16.473988439306357,1,0,6081603802,37.624493,-122.44617
83,131431,San Bruno Fire Station 52,2023,0.07597729138953029,3.0552368471406828,1.2591706572190706,2.756740969971031,8.678027238095225,3.13216,2.290434606428995,14.89994,1,0,0,73,1.36986301369863,0,0,6081603802,37.624493,-122.44617
84,131435,San Bruno Fire Station 51,2022,1.3112012989741695,8.226719381328012,3.883568799532419,8.717236761503653,27.641441666666665,4.215496666666667,4.83013300962966,84.91160666666666,74,9,1,346,21.387283236994218,2,1,6081604000,37.624477,-122.41409
85,131435,San Bruno Fire Station 51,2023,1.0602280122903045,8.482741750675219,3.708962607352116,13.439023636265114,28.59707733333334,4.530053333333333,5.7582966973200245,94.75047333333332,32,7,3,173,18.497109826589597,4,2,6081604000,37.624477,-122.41409
86,144654,Valleyview &amp; Appian Way,2022,0.7043183407366709,8.165821957764999,4.077484988565072,7.72290518002648,25.705813333333335,5.675466666666667,5.393833561093541,40.50465333333334,47,3,0,251,18.725099601593627,2,0,6081602500,37.640972,-122.44539
87,144654,Valleyview &amp; Appian Way,2023,0.36722273805699923,6.959174682790112,3.250320237269979,8.258538500527656,13.979501333333337,5.915386666666668,3.876734337001966,31.71740666666667,27,0,0,365,7.397260273972603,0,0,6081602500,37.640972,-122.44539
88,158239,Rise-8,2023,2.4354762235471936,10.708571336790936,5.460277226743093,12.425565198432242,27.574306333333336,7.0932400000000015,5.689631492856726,110.36971333333334,82,8,3,294,27.891156462585034,4,2,6081601800,37.652466,-122.44741
89,158259,Rise-10,2023,2.3534576129898115,9.004611543169839,5.147476580172776,11.631876020008995,25.34044827586207,5.5846,5.991056359185269,114.39288666666668,55,8,4,281,19.572953736654803,4,2,6081602400,37.642807,-122.43742
90,160983,SSF Cypress,2023,3.3458398556622972,13.40233623837427,6.56753017113676,32.28428585639178,40.742373999999984,7.283886666666667,6.419556976580287,229.8509068091016,77,16,8,267,28.83895131086142,5,2,6081602100,37.660446,-122.40603
91,169967,emalita,2023,2.776748753215404,9.970327141935801,5.39741203507331,9.7449380297358,24.03139433333332,6.96424,4.92676394093112,88.41260666666668,83,10,3,364,22.802197802197803,4,2,6081603900,37.61375,-122.40727
92,177521,Lake X Lassen Dr,2023,3.2228828195374737,10.261231606537432,5.95999224413128,13.124621235648146,25.750323666666624,6.234963333333333,6.009160916579138,110.60976666666666,65,10,5,278,23.381294964028775,4,2,6081614000,37.61908,-122.45091
